1,3,499.30,156.21,33.34,76.36,1,-1,-1,-1
1,2,252.78,207.73,35.81,96.64,1,-1,-1,-1
1,1,649.44,231.50,44.42,86.13,1,-1,-1,-1
2,3,498.07,154.94,31.49,76.81,1,-1,-1,-1
2,2,253.63,220.32,40.17,88.38,1,-1,-1,-1
2,1,633.88,246.10,42.73,78.55,1,-1,-1,-1
3,3,497.12,158.55,31.34,77.57,1,-1,-1,-1
3,2,257.69,215.21,43.19,89.28,1,-1,-1,-1
3,1,623.80,251.74,36.10,70.51,1,-1,-1,-1
4,3,491.68,157.75,33.32,79.35,1,-1,-1,-1
4,2,271.01,214.33,40.78,90.22,1,-1,-1,-1
4,1,612.69,243.80,38.38,73.58,1,-1,-1,-1
5,3,486.54,157.30,36.06,85.24,1,-1,-1,-1
5,2,282.41,203.93,39.68,93.69,1,-1,-1,-1
5,1,602.49,240.69,45.57,81.06,1,-1,-1,-1
6,3,484.01,158.20,35.15,81.06,1,-1,-1,-1
6,2,281.59,200.79,38.38,91.29,1,-1,-1,-1
6,1,596.37,237.88,47.30,86.56,1,-1,-1,-1
7,3,476.84,157.11,43.87,87.88,1,-1,-1,-1
7,2,288.21,205.65,39.08,91.68,1,-1,-1,-1
7,1,587.15,238.51,42.77,82.27,1,-1,-1,-1
8,3,474.89,161.57,40.41,83.04,1,-1,-1,-1
8,2,296.64,204.94,40.02,91.88,1,-1,-1,-1
8,1,576.68,239.16,41.74,81.37,1,-1,-1,-1
9,3,468.71,160.89,37.55,80.96,1,-1,-1,-1
9,2,294.37,202.18,40.96,90.99,1,-1,-1,-1
9,1,568.58,237.78,40.15,81.46,1,-1,-1,-1
10,3,467.57,162.71,37.83,79.12,1,-1,-1,-1
10,2,300.24,205.52,40.63,90.64,1,-1,-1,-1
10,1,560.37,234.77,47.98,86.17,1,-1,-1,-1
11,3,465.80,166.10,37.43,77.75,1,-1,-1,-1
11,2,304.38,200.90,47.13,97.96,1,-1,-1,-1
11,1,545.21,236.25,44.67,83.90,1,-1,-1,-1
12,3,459.36,168.47,36.56,77.52,1,-1,-1,-1
12,2,311.96,200.29,49.94,94.82,1,-1,-1,-1
12,1,533.57,238.14,42.55,81.74,1,-1,-1,-1
13,3,457.30,171.41,35.59,76.86,1,-1,-1,-1
13,2,322.13,198.27,47.90,91.46,1,-1,-1,-1
13,1,521.52,237.19,45.95,84.29,1,-1,-1,-1
14,3,451.70,174.37,34.50,78.15,1,-1,-1,-1
14,2,328.80,197.11,42.99,85.74,1,-1,-1,-1
14,1,511.47,234.83,46.09,83.72,1,-1,-1,-1
15,4,720.45,282.63,43.69,129.12,1,-1,-1,-1
15,3,444.55,172.20,34.08,77.97,1,-1,-1,-1
15,2,331.95,195.90,41.93,83.52,1,-1,-1,-1
15,1,503.34,234.66,42.19,82.21,1,-1,-1,-1
16,4,713.19,275.33,50.29,132.84,1,-1,-1,-1
16,3,436.65,169.40,34.72,79.24,1,-1,-1,-1
16,2,338.34,196.66,41.00,82.54,1,-1,-1,-1
16,1,491.49,231.60,38.38,79.14,1,-1,-1,-1
17,4,709.87,270.81,51.90,132.50,1,-1,-1,-1
17,3,431.06,169.81,37.04,78.87,1,-1,-1,-1
17,2,340.08,201.46,42.83,86.57,1,-1,-1,-1
17,1,484.86,236.42,41.15,82.96,1,-1,-1,-1
18,4,702.98,268.58,48.99,122.81,1,-1,-1,-1
18,3,425.98,170.37,36.72,73.71,1,-1,-1,-1
18,2,346.81,186.49,44.65,95.00,1,-1,-1,-1
18,1,468.86,232.74,40.19,80.40,1,-1,-1,-1
19,4,699.21,273.15,48.86,116.29,1,-1,-1,-1
19,2,349.89,188.16,43.80,91.82,1,-1,-1,-1
19,1,458.43,235.43,39.95,80.04,1,-1,-1,-1
20,4,691.35,269.97,45.68,111.10,1,-1,-1,-1
20,2,352.92,188.37,45.97,86.93,1,-1,-1,-1
20,1,450.97,232.88,40.12,81.50,1,-1,-1,-1
21,5,727.73,266.39,37.34,105.11,1,-1,-1,-1
21,4,683.80,261.78,45.89,111.34,1,-1,-1,-1
21,2,354.27,190.05,47.08,87.59,1,-1,-1,-1
21,1,439.77,231.44,39.13,80.47,1,-1,-1,-1
22,5,726.12,266.46,36.77,102.84,1,-1,-1,-1
22,4,676.21,264.65,44.44,110.12,1,-1,-1,-1
22,2,359.09,189.23,46.85,83.77,1,-1,-1,-1
22,1,428.98,231.08,41.51,85.05,1,-1,-1,-1
23,5,717.66,268.88,37.91,102.09,1,-1,-1,-1
23,4,671.02,265.82,43.96,108.37,1,-1,-1,-1
23,2,362.24,190.05,43.05,83.99,1,-1,-1,-1
23,1,421.95,227.95,38.88,83.86,1,-1,-1,-1
24,4,665.73,263.49,45.69,108.60,1,-1,-1,-1
24,2,362.42,187.85,39.98,82.95,1,-1,-1,-1
24,1,411.76,206.05,43.10,100.32,1,-1,-1,-1
25,4,657.40,258.18,44.70,108.65,1,-1,-1,-1
25,2,370.26,185.65,38.64,84.37,1,-1,-1,-1
25,1,404.43,192.48,45.47,114.87,1,-1,-1,-1
26,6,689.84,262.75,39.34,101.61,1,-1,-1,-1
26,4,651.30,254.79,44.25,108.75,1,-1,-1,-1
26,2,372.45,181.73,37.72,87.09,1,-1,-1,-1
26,1,401.97,182.59,42.76,118.48,1,-1,-1,-1
27,6,689.48,259.09,37.92,100.44,1,-1,-1,-1
27,4,648.88,256.11,42.61,105.50,1,-1,-1,-1
27,2,374.52,183.02,36.57,89.41,1,-1,-1,-1
27,1,399.89,175.59,41.08,121.53,1,-1,-1,-1
28,4,643.26,255.74,40.98,101.45,1,-1,-1,-1
28,2,371.05,180.45,36.33,90.70,1,-1,-1,-1
28,1,394.89,172.90,42.63,129.35,1,-1,-1,-1
29,4,635.25,252.82,44.45,104.58,1,-1,-1,-1
29,2,375.40,174.53,36.14,93.11,1,-1,-1,-1
29,1,396.61,175.00,44.98,129.07,1,-1,-1,-1
30,4,626.90,250.12,43.13,103.00,1,-1,-1,-1
30,2,376.39,173.35,36.02,95.09,1,-1,-1,-1
31,6,664.72,249.67,37.44,96.77,1,-1,-1,-1
31,4,622.94,250.47,42.15,101.53,1,-1,-1,-1
31,2,375.88,175.00,35.62,96.42,1,-1,-1,-1
32,6,662.12,252.91,35.62,92.57,1,-1,-1,-1
32,4,618.57,249.50,39.70,98.95,1,-1,-1,-1
32,2,376.22,175.21,34.62,97.49,1,-1,-1,-1
33,6,652.36,253.04,39.28,90.41,1,-1,-1,-1
33,4,612.98,249.32,41.13,103.53,1,-1,-1,-1
33,2,377.74,173.66,34.15,101.18,1,-1,-1,-1
33,1,392.94,178.41,44.44,118.02,1,-1,-1,-1
34,6,640.90,251.51,35.71,86.10,1,-1,-1,-1
34,4,610.41,244.80,40.63,98.64,1,-1,-1,-1
34,2,377.47,170.86,34.73,97.13,1,-1,-1,-1
35,6,635.70,247.25,37.21,85.33,1,-1,-1,-1
35,4,606.23,240.78,42.41,99.64,1,-1,-1,-1
35,2,376.34,176.18,34.42,93.10,1,-1,-1,-1
36,6,628.06,250.55,37.17,86.74,1,-1,-1,-1
36,4,598.95,236.35,40.95,97.82,1,-1,-1,-1
36,2,380.42,170.36,36.51,100.24,1,-1,-1,-1
37,6,625.81,244.99,37.36,89.52,1,-1,-1,-1
37,4,594.29,237.78,40.94,95.39,1,-1,-1,-1
37,2,378.91,175.14,35.56,97.59,1,-1,-1,-1
38,6,619.94,241.93,36.60,88.52,1,-1,-1,-1
38,4,585.69,236.30,40.73,96.80,1,-1,-1,-1
38,2,376.45,176.88,34.09,91.22,1,-1,-1,-1
39,6,614.97,236.06,39.14,87.94,1,-1,-1,-1
39,4,581.06,235.28,40.63,96.17,1,-1,-1,-1
39,2,374.97,180.45,33.80,88.82,1,-1,-1,-1
40,10,409.30,182.56,44.14,92.28,1,-1,-1,-1
40,6,612.52,238.50,37.26,87.64,1,-1,-1,-1
40,4,572.48,234.14,39.50,94.52,1,-1,-1,-1
40,2,368.79,178.51,35.08,84.73,1,-1,-1,-1
41,10,424.81,183.17,40.57,85.37,1,-1,-1,-1
41,4,566.46,233.90,39.28,93.27,1,-1,-1,-1
41,2,373.50,177.40,34.47,85.00,1,-1,-1,-1
42,4,562.98,232.23,40.97,94.50,1,-1,-1,-1
42,2,373.78,178.21,33.49,82.74,1,-1,-1,-1
43,12,591.27,226.46,36.39,92.94,1,-1,-1,-1
43,4,555.85,230.36,39.13,95.58,1,-1,-1,-1
43,2,374.69,179.38,33.75,80.99,1,-1,-1,-1
44,13,713.60,255.01,44.11,153.15,1,-1,-1,-1
44,12,584.62,226.24,35.93,94.05,1,-1,-1,-1
44,4,553.05,229.14,37.54,89.91,1,-1,-1,-1
44,2,375.73,179.53,33.23,80.82,1,-1,-1,-1
45,13,710.96,256.11,45.41,138.84,1,-1,-1,-1
45,12,578.73,228.25,35.91,93.41,1,-1,-1,-1
45,10,436.93,183.80,40.37,78.00,1,-1,-1,-1
45,4,545.40,224.98,35.67,90.70,1,-1,-1,-1
45,2,375.68,181.22,32.90,81.00,1,-1,-1,-1
46,13,706.91,255.58,48.75,140.45,1,-1,-1,-1
46,12,569.53,217.45,41.90,103.88,1,-1,-1,-1
46,10,439.35,183.17,39.35,77.62,1,-1,-1,-1
46,4,536.86,225.99,35.61,91.43,1,-1,-1,-1
46,2,374.85,178.42,33.07,82.19,1,-1,-1,-1
47,14,401.21,175.37,39.03,88.90,1,-1,-1,-1
47,13,696.45,253.98,50.49,141.48,1,-1,-1,-1
47,12,567.84,218.71,45.58,102.22,1,-1,-1,-1
47,10,442.83,181.99,36.43,74.00,1,-1,-1,-1
47,4,531.57,222.45,34.98,89.58,1,-1,-1,-1
47,2,370.44,177.06,35.08,82.17,1,-1,-1,-1
48,13,688.91,250.43,46.30,134.03,1,-1,-1,-1
48,12,564.09,218.55,41.34,98.45,1,-1,-1,-1
48,10,441.05,181.51,33.89,73.07,1,-1,-1,-1
48,4,523.01,219.60,33.82,86.95,1,-1,-1,-1
48,2,371.96,177.32,34.87,81.71,1,-1,-1,-1
49,13,683.98,249.42,45.47,130.56,1,-1,-1,-1
49,12,561.13,216.58,40.66,94.78,1,-1,-1,-1
49,10,436.46,180.45,34.19,70.67,1,-1,-1,-1
49,4,516.77,219.98,33.22,85.45,1,-1,-1,-1
49,2,371.32,177.97,34.86,81.69,1,-1,-1,-1
50,13,679.96,250.35,42.98,129.01,1,-1,-1,-1
50,12,557.28,215.85,41.29,91.97,1,-1,-1,-1
50,10,434.31,178.65,34.95,70.51,1,-1,-1,-1
50,4,512.43,214.85,35.19,88.64,1,-1,-1,-1
50,2,370.19,178.12,35.04,81.43,1,-1,-1,-1
51,13,668.11,247.38,47.95,133.19,1,-1,-1,-1
51,12,549.42,213.17,36.91,85.95,1,-1,-1,-1
51,4,509.79,215.48,35.19,86.67,1,-1,-1,-1
51,2,368.34,177.33,35.69,81.64,1,-1,-1,-1
52,13,662.78,245.98,46.78,129.87,1,-1,-1,-1
52,12,546.69,215.16,34.93,84.37,1,-1,-1,-1
52,4,504.06,212.52,37.29,92.73,1,-1,-1,-1
52,2,367.90,176.26,36.08,82.00,1,-1,-1,-1
53,13,657.79,245.94,46.41,125.20,1,-1,-1,-1
53,12,538.20,215.52,36.02,85.18,1,-1,-1,-1
53,4,496.44,213.07,38.50,94.70,1,-1,-1,-1
53,2,367.78,174.96,36.23,81.69,1,-1,-1,-1
54,13,651.72,241.11,46.90,125.52,1,-1,-1,-1
54,12,540.16,215.40,32.90,83.94,1,-1,-1,-1
54,4,490.26,208.53,36.54,93.05,1,-1,-1,-1
54,2,367.86,174.67,36.27,81.04,1,-1,-1,-1
55,13,643.79,239.00,47.48,122.35,1,-1,-1,-1
55,12,531.19,212.32,34.98,82.38,1,-1,-1,-1
55,4,487.88,212.55,38.79,91.45,1,-1,-1,-1
55,2,368.15,175.85,36.20,80.46,1,-1,-1,-1
56,13,639.44,239.02,46.95,122.20,1,-1,-1,-1
56,12,524.67,210.17,36.93,89.24,1,-1,-1,-1
56,4,482.17,209.33,40.89,92.97,1,-1,-1,-1
56,2,369.58,176.03,35.83,79.66,1,-1,-1,-1
57,13,631.30,234.98,46.51,121.59,1,-1,-1,-1
57,12,520.21,208.15,35.33,85.73,1,-1,-1,-1
57,4,474.66,206.98,38.58,91.30,1,-1,-1,-1
57,2,368.28,177.38,35.74,78.37,1,-1,-1,-1
58,13,623.44,232.71,45.07,123.06,1,-1,-1,-1
58,12,516.29,210.48,33.42,80.85,1,-1,-1,-1
58,4,470.21,205.33,36.77,87.74,1,-1,-1,-1
58,2,371.75,177.82,35.35,81.13,1,-1,-1,-1
59,13,620.11,235.97,43.78,116.60,1,-1,-1,-1
59,12,515.45,207.78,37.36,84.32,1,-1,-1,-1
59,4,467.54,206.87,35.96,85.29,1,-1,-1,-1
59,2,374.16,176.45,34.69,82.43,1,-1,-1,-1
60,13,614.89,232.12,42.65,114.65,1,-1,-1,-1
60,12,508.96,203.70,38.03,87.63,1,-1,-1,-1
60,4,467.19,204.22,35.65,83.97,1,-1,-1,-1
60,2,372.27,177.90,35.49,83.04,1,-1,-1,-1
61,13,609.35,225.58,41.73,113.97,1,-1,-1,-1
61,12,502.62,203.77,36.71,83.14,1,-1,-1,-1
61,4,459.61,202.38,39.61,88.58,1,-1,-1,-1
61,2,369.87,178.28,35.87,82.36,1,-1,-1,-1
62,13,607.79,227.30,42.09,110.08,1,-1,-1,-1
62,12,497.92,202.16,39.64,81.58,1,-1,-1,-1
62,4,460.92,202.14,38.16,87.83,1,-1,-1,-1
62,2,368.17,172.55,37.01,81.84,1,-1,-1,-1
63,13,606.81,224.47,43.01,110.54,1,-1,-1,-1
63,12,493.58,202.41,38.06,83.99,1,-1,-1,-1
63,4,460.73,202.01,37.19,86.19,1,-1,-1,-1
63,2,366.33,176.26,37.64,81.65,1,-1,-1,-1
64,13,603.31,219.80,44.38,111.85,1,-1,-1,-1
64,12,493.72,201.08,39.15,81.80,1,-1,-1,-1
64,4,459.57,202.37,37.56,84.50,1,-1,-1,-1
64,2,370.44,178.65,37.84,79.08,1,-1,-1,-1
65,16,324.92,167.43,36.72,74.21,1,-1,-1,-1
65,13,597.16,219.38,42.97,113.42,1,-1,-1,-1
65,12,487.39,201.70,36.94,78.24,1,-1,-1,-1
65,4,453.93,203.93,37.04,82.97,1,-1,-1,-1
65,2,367.01,176.82,37.27,78.23,1,-1,-1,-1
66,16,323.42,170.98,33.58,69.94,1,-1,-1,-1
66,13,593.97,216.23,41.94,115.58,1,-1,-1,-1
66,12,484.78,201.24,35.13,77.86,1,-1,-1,-1
66,4,449.55,200.24,37.08,85.42,1,-1,-1,-1
66,2,369.76,178.47,35.53,78.01,1,-1,-1,-1
67,16,317.09,168.19,35.13,69.15,1,-1,-1,-1
67,13,593.68,210.09,41.80,114.83,1,-1,-1,-1
67,12,486.73,197.86,33.30,76.72,1,-1,-1,-1
67,4,445.83,196.61,35.75,87.44,1,-1,-1,-1
67,2,369.08,178.83,35.01,77.84,1,-1,-1,-1
68,16,308.56,164.09,39.04,69.11,1,-1,-1,-1
68,13,588.99,208.33,39.72,110.73,1,-1,-1,-1
68,12,484.67,196.33,31.62,75.82,1,-1,-1,-1
68,4,445.45,193.57,33.90,86.41,1,-1,-1,-1
68,2,369.38,178.98,35.47,78.23,1,-1,-1,-1
69,16,295.01,164.77,38.96,68.12,1,-1,-1,-1
69,13,587.35,207.89,39.85,111.27,1,-1,-1,-1
69,12,482.71,201.32,29.32,76.17,1,-1,-1,-1
69,4,443.33,191.88,34.14,86.31,1,-1,-1,-1
69,2,369.67,180.78,35.16,77.24,1,-1,-1,-1
70,16,289.67,167.32,36.48,67.36,1,-1,-1,-1
70,13,586.06,211.12,37.73,105.78,1,-1,-1,-1
70,12,477.92,199.10,28.80,78.95,1,-1,-1,-1
70,4,427.69,185.28,40.33,84.05,1,-1,-1,-1
70,2,373.19,177.71,33.78,77.73,1,-1,-1,-1
71,16,285.95,163.41,36.80,68.58,1,-1,-1,-1
71,13,583.09,207.10,36.77,103.58,1,-1,-1,-1
71,12,477.39,195.59,29.06,81.56,1,-1,-1,-1
71,4,419.08,182.35,45.71,84.17,1,-1,-1,-1
71,2,372.13,179.77,34.08,78.91,1,-1,-1,-1
72,16,281.32,165.17,40.35,68.95,1,-1,-1,-1
72,13,581.17,203.85,36.55,104.05,1,-1,-1,-1
72,12,476.43,189.05,27.83,79.85,1,-1,-1,-1
72,2,369.24,177.47,35.09,77.78,1,-1,-1,-1
73,17,437.33,182.21,34.83,95.04,1,-1,-1,-1
73,16,272.45,170.03,41.10,68.72,1,-1,-1,-1
73,13,578.24,202.13,37.80,102.40,1,-1,-1,-1
73,12,475.86,185.11,29.48,76.43,1,-1,-1,-1
73,2,369.42,178.57,35.11,78.52,1,-1,-1,-1
74,17,434.41,176.39,36.30,98.09,1,-1,-1,-1
74,16,266.07,166.98,40.77,70.44,1,-1,-1,-1
74,13,576.91,199.75,37.28,102.88,1,-1,-1,-1
74,12,477.61,186.55,29.83,78.45,1,-1,-1,-1
74,2,370.87,177.03,34.83,78.60,1,-1,-1,-1
75,17,435.86,179.71,33.83,86.67,1,-1,-1,-1
75,16,262.34,170.74,44.70,72.15,1,-1,-1,-1
75,13,574.32,196.32,37.63,105.26,1,-1,-1,-1
75,12,475.85,186.36,28.83,79.22,1,-1,-1,-1
75,2,368.29,178.12,35.72,78.84,1,-1,-1,-1
76,17,431.05,177.61,34.81,87.74,1,-1,-1,-1
76,16,256.83,172.37,40.58,69.92,1,-1,-1,-1
76,13,573.31,196.94,37.93,101.58,1,-1,-1,-1
76,12,479.11,187.44,29.28,78.53,1,-1,-1,-1
76,2,368.34,179.68,35.99,79.88,1,-1,-1,-1
77,17,428.60,176.53,35.93,87.92,1,-1,-1,-1
77,16,251.79,172.55,38.71,67.87,1,-1,-1,-1
77,13,572.15,188.77,39.02,102.10,1,-1,-1,-1
77,12,480.67,187.08,29.55,77.33,1,-1,-1,-1
77,2,367.01,179.36,36.52,80.37,1,-1,-1,-1
78,17,430.23,177.11,36.36,88.93,1,-1,-1,-1
78,16,250.85,172.13,39.18,67.13,1,-1,-1,-1
78,13,566.41,193.49,41.20,100.12,1,-1,-1,-1
78,12,480.62,187.36,29.66,75.32,1,-1,-1,-1
78,2,366.37,180.23,36.72,80.29,1,-1,-1,-1
79,17,430.44,177.85,36.00,87.68,1,-1,-1,-1
79,16,249.19,174.91,40.24,70.24,1,-1,-1,-1
79,13,563.77,188.39,38.21,94.51,1,-1,-1,-1
79,12,479.60,180.42,28.60,72.47,1,-1,-1,-1
79,2,367.42,180.16,36.63,80.90,1,-1,-1,-1
80,17,434.65,174.65,33.80,82.79,1,-1,-1,-1
80,16,249.55,170.70,38.46,70.61,1,-1,-1,-1
80,13,568.66,183.55,35.43,91.27,1,-1,-1,-1
80,12,479.94,176.01,28.69,70.00,1,-1,-1,-1
80,2,366.44,180.64,37.38,79.15,1,-1,-1,-1
81,19,452.60,173.51,27.52,73.49,1,-1,-1,-1
81,17,431.26,169.72,34.53,83.69,1,-1,-1,-1
81,16,251.37,169.58,37.62,70.06,1,-1,-1,-1
81,13,567.49,183.26,36.85,93.88,1,-1,-1,-1
81,12,479.41,172.08,28.11,69.34,1,-1,-1,-1
81,2,366.65,177.56,38.61,79.15,1,-1,-1,-1
82,19,445.33,171.63,30.30,78.04,1,-1,-1,-1
82,16,251.78,173.54,36.87,69.01,1,-1,-1,-1
82,13,565.15,182.91,35.14,91.24,1,-1,-1,-1
82,12,474.39,172.87,28.11,67.46,1,-1,-1,-1
82,2,367.46,177.76,38.85,79.21,1,-1,-1,-1
83,19,442.96,172.37,30.21,76.00,1,-1,-1,-1
83,16,253.22,176.32,35.61,67.27,1,-1,-1,-1
83,13,562.98,179.18,35.54,93.67,1,-1,-1,-1
83,12,474.27,177.19,27.76,63.95,1,-1,-1,-1
83,2,367.38,177.84,39.26,80.34,1,-1,-1,-1
84,19,446.58,173.57,31.19,75.85,1,-1,-1,-1
84,16,259.46,180.14,34.58,68.26,1,-1,-1,-1
84,13,558.92,178.06,35.37,95.87,1,-1,-1,-1
84,12,476.48,178.06,28.30,67.19,1,-1,-1,-1
84,2,368.16,177.80,39.04,80.66,1,-1,-1,-1
85,19,444.65,166.22,33.42,80.66,1,-1,-1,-1
85,16,258.96,174.93,34.91,69.51,1,-1,-1,-1
85,13,558.73,178.48,35.90,92.78,1,-1,-1,-1
85,12,478.77,176.31,27.41,69.70,1,-1,-1,-1
85,2,368.41,179.25,37.39,80.24,1,-1,-1,-1
86,21,252.27,46.00,25.89,38.75,1,-1,-1,-1
86,19,449.86,165.36,32.01,75.82,1,-1,-1,-1
86,16,262.96,176.72,37.60,70.49,1,-1,-1,-1
86,13,560.25,173.86,36.95,94.91,1,-1,-1,-1
86,12,476.14,173.76,28.52,70.08,1,-1,-1,-1
86,2,370.35,180.03,37.25,79.52,1,-1,-1,-1
87,21,252.87,49.28,24.69,38.19,1,-1,-1,-1
87,19,444.95,165.08,33.10,79.85,1,-1,-1,-1
87,16,268.68,181.18,38.06,66.29,1,-1,-1,-1
87,13,559.25,170.27,36.25,94.42,1,-1,-1,-1
87,12,479.52,173.27,27.96,67.87,1,-1,-1,-1
87,2,371.10,177.38,37.28,80.07,1,-1,-1,-1
88,21,250.75,47.30,24.85,39.07,1,-1,-1,-1
88,19,442.85,165.57,32.77,80.83,1,-1,-1,-1
88,16,272.08,184.23,36.47,66.88,1,-1,-1,-1
88,13,561.49,173.07,35.51,92.50,1,-1,-1,-1
88,12,480.98,173.26,27.86,67.75,1,-1,-1,-1
88,2,371.52,182.36,37.31,80.67,1,-1,-1,-1
89,21,244.85,47.44,25.95,40.08,1,-1,-1,-1
89,19,442.87,164.79,32.54,82.30,1,-1,-1,-1
89,16,279.03,184.04,36.88,67.42,1,-1,-1,-1
89,13,562.21,172.74,34.94,86.81,1,-1,-1,-1
89,12,484.28,167.29,28.48,66.56,1,-1,-1,-1
89,2,372.05,181.38,36.22,80.96,1,-1,-1,-1
90,21,243.46,50.02,24.73,37.67,1,-1,-1,-1
90,19,447.96,160.40,31.44,81.55,1,-1,-1,-1
90,16,279.64,189.05,39.04,67.00,1,-1,-1,-1
90,13,564.25,171.91,33.96,82.63,1,-1,-1,-1
90,12,486.46,161.38,28.91,66.51,1,-1,-1,-1
90,2,369.61,182.44,35.07,78.65,1,-1,-1,-1
91,21,242.06,52.60,24.14,37.03,1,-1,-1,-1
91,16,282.20,189.89,36.80,66.05,1,-1,-1,-1
91,13,566.48,169.73,33.81,81.66,1,-1,-1,-1
91,12,482.90,161.68,31.23,64.98,1,-1,-1,-1
91,2,371.35,179.80,34.77,80.61,1,-1,-1,-1
92,21,240.61,53.37,23.68,36.61,1,-1,-1,-1
92,16,289.37,192.35,36.05,68.46,1,-1,-1,-1
92,13,565.19,169.56,33.87,79.74,1,-1,-1,-1
92,12,487.30,157.59,30.12,66.05,1,-1,-1,-1
92,2,372.41,185.02,32.44,79.19,1,-1,-1,-1
93,25,466.17,159.93,28.77,68.58,1,-1,-1,-1
93,21,238.12,52.01,21.31,35.93,1,-1,-1,-1
93,16,292.73,190.66,42.00,74.49,1,-1,-1,-1
93,13,572.55,165.40,33.51,78.54,1,-1,-1,-1
93,12,490.71,161.39,29.54,66.44,1,-1,-1,-1
93,2,377.71,179.38,31.37,77.85,1,-1,-1,-1
94,25,470.97,156.58,27.24,67.32,1,-1,-1,-1
94,21,232.53,50.14,24.17,39.34,1,-1,-1,-1
94,16,294.27,194.10,46.17,77.13,1,-1,-1,-1
94,13,572.24,166.96,34.40,79.39,1,-1,-1,-1
94,12,494.07,159.16,28.83,65.99,1,-1,-1,-1
94,2,378.70,181.73,33.69,78.61,1,-1,-1,-1
95,25,469.86,157.11,26.71,66.74,1,-1,-1,-1
95,21,234.79,52.00,23.50,36.53,1,-1,-1,-1
95,16,300.99,195.57,42.42,75.38,1,-1,-1,-1
95,13,573.55,163.86,34.78,79.42,1,-1,-1,-1
95,12,491.66,158.67,28.96,66.06,1,-1,-1,-1
95,2,379.30,179.96,32.96,78.39,1,-1,-1,-1
96,25,474.85,158.78,26.98,64.54,1,-1,-1,-1
96,21,230.33,55.08,23.43,37.65,1,-1,-1,-1
96,16,304.87,196.35,42.36,75.08,1,-1,-1,-1
96,13,574.92,165.34,33.84,78.84,1,-1,-1,-1
96,12,495.13,158.09,28.56,66.90,1,-1,-1,-1
96,2,380.68,182.10,35.46,80.97,1,-1,-1,-1
97,26,508.55,160.42,28.96,67.45,1,-1,-1,-1
97,21,225.06,55.11,22.51,36.36,1,-1,-1,-1
97,16,313.73,202.27,39.57,75.59,1,-1,-1,-1
97,13,577.24,164.63,34.02,80.10,1,-1,-1,-1
97,12,484.24,155.34,36.88,72.64,1,-1,-1,-1
97,2,379.75,180.32,34.22,78.49,1,-1,-1,-1
98,26,508.24,153.10,30.71,67.68,1,-1,-1,-1
98,21,226.15,55.42,23.82,35.57,1,-1,-1,-1
98,16,324.27,196.66,40.27,76.19,1,-1,-1,-1
98,13,577.30,161.15,35.53,81.33,1,-1,-1,-1
98,12,482.81,152.07,37.20,76.18,1,-1,-1,-1
98,2,381.39,178.15,34.46,77.69,1,-1,-1,-1
99,26,508.80,152.14,31.77,70.89,1,-1,-1,-1
99,21,222.77,53.47,26.60,36.89,1,-1,-1,-1
99,16,326.17,196.04,43.73,82.23,1,-1,-1,-1
99,13,577.91,156.35,35.87,78.43,1,-1,-1,-1
99,12,485.79,146.48,36.92,78.95,1,-1,-1,-1
99,2,383.42,180.05,33.61,77.42,1,-1,-1,-1
100,26,505.30,146.20,31.87,73.49,1,-1,-1,-1
100,21,219.18,57.84,25.39,37.10,1,-1,-1,-1
100,16,335.00,196.92,41.23,80.19,1,-1,-1,-1
100,13,583.42,156.25,35.63,76.69,1,-1,-1,-1
100,12,485.80,146.62,34.84,76.72,1,-1,-1,-1
100,2,378.37,181.39,30.86,78.23,1,-1,-1,-1
101,26,501.26,145.64,34.41,75.59,1,-1,-1,-1
101,21,216.72,54.95,25.39,37.66,1,-1,-1,-1
101,16,339.61,197.24,40.65,80.23,1,-1,-1,-1
101,13,587.50,154.70,35.18,73.38,1,-1,-1,-1
101,2,372.09,182.68,31.46,82.48,1,-1,-1,-1
102,26,503.23,146.59,35.96,76.87,1,-1,-1,-1
102,21,210.29,57.11,27.72,39.51,1,-1,-1,-1
102,16,346.06,196.38,40.28,78.77,1,-1,-1,-1
102,13,588.31,150.40,36.49,76.79,1,-1,-1,-1
103,26,500.58,143.89,37.35,77.42,1,-1,-1,-1
103,21,208.04,58.14,28.72,41.74,1,-1,-1,-1
103,16,353.33,195.62,40.50,81.52,1,-1,-1,-1
103,13,588.70,147.19,35.15,76.45,1,-1,-1,-1
104,21,205.41,55.09,29.44,41.86,1,-1,-1,-1
104,16,359.92,191.44,40.16,86.45,1,-1,-1,-1
104,13,591.31,145.47,33.43,75.99,1,-1,-1,-1
105,27,519.38,145.74,27.13,68.68,1,-1,-1,-1
105,21,204.10,60.37,26.80,40.42,1,-1,-1,-1
105,16,367.93,189.54,40.30,90.64,1,-1,-1,-1
105,13,592.32,146.59,32.08,75.89,1,-1,-1,-1
106,27,516.67,142.98,30.85,71.97,1,-1,-1,-1
106,21,203.68,55.55,26.22,39.24,1,-1,-1,-1
106,16,374.40,185.27,41.24,96.46,1,-1,-1,-1
106,13,598.21,145.00,31.18,78.44,1,-1,-1,-1
107,27,512.99,139.59,33.68,75.68,1,-1,-1,-1
107,16,374.52,176.91,38.55,94.71,1,-1,-1,-1
107,13,604.84,143.63,30.33,78.14,1,-1,-1,-1
108,27,507.60,138.00,34.22,76.31,1,-1,-1,-1
108,16,368.80,179.93,38.35,88.23,1,-1,-1,-1
108,13,606.58,144.61,30.15,76.88,1,-1,-1,-1
109,28,535.65,134.21,28.85,75.94,1,-1,-1,-1
109,27,514.82,137.31,31.56,70.91,1,-1,-1,-1
109,16,369.56,176.94,37.27,85.50,1,-1,-1,-1
109,13,608.24,145.51,32.79,78.08,1,-1,-1,-1
110,30,414.99,181.35,41.14,99.66,1,-1,-1,-1
110,28,540.05,139.29,27.45,69.89,1,-1,-1,-1
110,27,519.87,142.80,31.10,67.45,1,-1,-1,-1
110,21,188.42,59.53,25.50,40.39,1,-1,-1,-1
110,16,371.21,175.35,36.57,82.74,1,-1,-1,-1
110,13,609.42,137.20,33.27,76.64,1,-1,-1,-1
111,30,416.47,178.97,37.74,99.50,1,-1,-1,-1
111,28,533.97,138.63,30.06,71.05,1,-1,-1,-1
111,21,187.85,64.10,22.73,38.16,1,-1,-1,-1
111,16,370.45,175.40,36.38,81.88,1,-1,-1,-1
111,13,611.48,135.13,33.21,74.71,1,-1,-1,-1
112,30,424.32,184.91,37.79,97.52,1,-1,-1,-1
112,28,541.93,142.34,28.98,66.94,1,-1,-1,-1
112,21,186.84,63.74,22.73,37.38,1,-1,-1,-1
112,16,368.43,175.28,36.32,82.70,1,-1,-1,-1
112,13,614.58,136.06,32.78,73.96,1,-1,-1,-1
113,30,433.65,200.50,41.19,94.12,1,-1,-1,-1
113,21,186.07,65.62,22.97,37.86,1,-1,-1,-1
113,16,367.21,176.28,36.49,82.31,1,-1,-1,-1
113,13,620.63,135.06,32.25,72.69,1,-1,-1,-1
114,30,446.63,201.67,39.80,88.54,1,-1,-1,-1
114,21,180.71,63.98,23.78,37.73,1,-1,-1,-1
114,16,371.49,177.75,35.63,81.74,1,-1,-1,-1
114,13,623.29,136.03,32.31,72.38,1,-1,-1,-1
115,33,557.47,137.37,27.04,65.89,1,-1,-1,-1
115,30,453.55,205.63,38.26,85.91,1,-1,-1,-1
115,21,178.76,64.94,23.85,37.04,1,-1,-1,-1
115,16,369.04,183.58,34.27,79.74,1,-1,-1,-1
115,13,624.99,134.51,32.86,74.79,1,-1,-1,-1
116,33,549.58,138.10,35.93,75.96,1,-1,-1,-1
116,30,457.93,205.07,38.73,84.58,1,-1,-1,-1
116,21,175.02,67.53,23.65,37.16,1,-1,-1,-1
116,16,369.05,179.38,35.88,83.12,1,-1,-1,-1
116,13,629.64,135.64,32.18,73.30,1,-1,-1,-1
117,33,553.61,139.45,32.09,67.59,1,-1,-1,-1
117,30,463.63,204.56,43.14,84.68,1,-1,-1,-1
117,21,172.64,65.86,26.91,36.90,1,-1,-1,-1
117,16,365.45,180.14,35.16,81.33,1,-1,-1,-1
117,13,633.91,135.07,31.50,71.70,1,-1,-1,-1
118,33,559.67,142.44,29.53,64.11,1,-1,-1,-1
118,30,476.12,209.97,39.55,81.84,1,-1,-1,-1
118,21,171.58,65.30,25.65,36.84,1,-1,-1,-1
118,16,368.29,181.80,36.17,80.82,1,-1,-1,-1
118,13,636.40,134.33,31.59,70.79,1,-1,-1,-1
119,33,552.93,136.62,31.06,66.99,1,-1,-1,-1
119,30,491.71,215.36,36.06,75.95,1,-1,-1,-1
119,21,167.95,69.43,27.90,39.12,1,-1,-1,-1
119,16,369.09,181.15,36.69,78.65,1,-1,-1,-1
119,13,638.16,137.59,33.33,69.65,1,-1,-1,-1
120,34,696.40,208.75,43.00,96.25,1,-1,-1,-1
120,33,550.40,140.35,30.89,67.70,1,-1,-1,-1
120,30,494.00,218.06,39.04,79.68,1,-1,-1,-1
120,16,368.85,179.52,37.09,77.91,1,-1,-1,-1
120,13,641.80,135.16,32.45,67.26,1,-1,-1,-1
121,35,576.15,139.62,29.53,62.44,1,-1,-1,-1
121,34,686.70,192.97,46.07,109.17,1,-1,-1,-1
121,30,502.15,220.51,35.19,76.54,1,-1,-1,-1
121,16,366.88,179.61,37.56,82.36,1,-1,-1,-1
121,13,646.57,131.45,32.90,70.10,1,-1,-1,-1
122,36,162.73,70.58,23.66,35.36,1,-1,-1,-1
122,35,582.36,139.38,27.29,59.81,1,-1,-1,-1
122,34,675.94,184.82,50.42,119.36,1,-1,-1,-1
122,30,513.85,219.46,34.82,74.92,1,-1,-1,-1
122,16,366.24,183.00,37.79,84.22,1,-1,-1,-1
122,13,651.63,128.96,30.56,69.09,1,-1,-1,-1
123,35,578.43,130.92,32.52,65.29,1,-1,-1,-1
123,30,523.66,218.92,41.39,81.39,1,-1,-1,-1
123,16,369.20,181.29,36.38,85.13,1,-1,-1,-1
123,13,657.20,127.19,29.78,67.75,1,-1,-1,-1
124,35,578.87,127.81,32.65,68.32,1,-1,-1,-1
124,30,532.33,216.92,41.68,82.17,1,-1,-1,-1
124,16,371.78,178.25,35.55,85.30,1,-1,-1,-1
124,13,660.95,123.18,30.00,67.60,1,-1,-1,-1
125,35,581.48,122.14,32.06,69.28,1,-1,-1,-1
125,30,534.95,219.85,42.59,84.28,1,-1,-1,-1
125,16,373.23,177.02,36.11,87.46,1,-1,-1,-1
125,13,662.72,126.10,30.78,66.90,1,-1,-1,-1
126,35,579.63,121.02,33.95,70.43,1,-1,-1,-1
126,34,640.71,203.41,39.71,94.08,1,-1,-1,-1
126,30,543.73,217.20,39.43,82.83,1,-1,-1,-1
126,16,374.04,177.78,36.08,88.09,1,-1,-1,-1
126,13,665.80,126.06,30.33,67.82,1,-1,-1,-1
127,35,581.36,121.93,35.58,71.53,1,-1,-1,-1
127,34,635.11,207.76,37.07,84.58,1,-1,-1,-1
127,30,553.60,215.30,37.68,81.71,1,-1,-1,-1
127,16,374.46,177.26,35.93,88.01,1,-1,-1,-1
127,13,667.58,124.32,29.01,68.35,1,-1,-1,-1
128,41,135.12,71.75,29.77,39.44,1,-1,-1,-1
128,35,577.02,117.26,33.36,70.01,1,-1,-1,-1
128,34,624.47,206.61,33.92,82.43,1,-1,-1,-1
128,30,564.06,223.72,37.74,80.68,1,-1,-1,-1
128,16,374.79,178.26,35.38,86.66,1,-1,-1,-1
128,13,668.39,119.16,29.37,68.75,1,-1,-1,-1
129,41,129.77,71.73,26.43,36.81,1,-1,-1,-1
129,34,620.06,208.39,30.03,78.02,1,-1,-1,-1
129,30,573.53,217.97,35.61,81.60,1,-1,-1,-1
129,16,374.93,178.32,34.65,85.37,1,-1,-1,-1
129,13,672.58,121.96,30.44,69.14,1,-1,-1,-1
130,42,590.75,124.31,34.16,59.33,1,-1,-1,-1
130,34,612.47,209.78,31.53,79.28,1,-1,-1,-1
130,30,583.03,220.18,36.80,81.94,1,-1,-1,-1
130,16,374.73,179.51,34.02,84.68,1,-1,-1,-1
130,13,673.86,120.81,29.34,67.63,1,-1,-1,-1
131,42,593.13,120.14,33.85,61.28,1,-1,-1,-1
131,30,591.75,219.56,38.72,82.75,1,-1,-1,-1
131,16,373.43,178.23,34.06,86.76,1,-1,-1,-1
131,13,682.07,118.86,28.79,68.76,1,-1,-1,-1
132,43,124.21,69.10,21.47,39.75,1,-1,-1,-1
132,42,595.27,123.16,33.86,63.11,1,-1,-1,-1
132,30,595.79,214.60,43.08,86.32,1,-1,-1,-1
132,16,373.34,178.30,34.18,86.50,1,-1,-1,-1
132,13,687.15,117.45,30.30,75.55,1,-1,-1,-1
133,43,117.14,69.55,21.56,37.57,1,-1,-1,-1
133,42,592.21,115.16,33.42,64.18,1,-1,-1,-1
133,30,608.35,217.15,41.84,85.86,1,-1,-1,-1
133,16,372.55,180.76,34.20,88.29,1,-1,-1,-1
133,13,689.06,119.08,32.05,76.07,1,-1,-1,-1
134,42,590.14,115.48,32.63,66.64,1,-1,-1,-1
134,30,615.11,217.19,39.24,84.21,1,-1,-1,-1
134,16,371.79,177.99,34.30,89.81,1,-1,-1,-1
134,13,689.42,119.24,32.46,80.23,1,-1,-1,-1
135,44,607.93,119.77,31.91,64.56,1,-1,-1,-1
135,42,590.68,117.50,32.01,65.12,1,-1,-1,-1
135,30,626.23,221.73,39.55,83.64,1,-1,-1,-1
135,16,371.79,178.68,34.65,92.28,1,-1,-1,-1
135,13,687.04,119.28,33.33,80.31,1,-1,-1,-1
136,48,560.05,199.28,34.40,77.44,1,-1,-1,-1
136,47,720.26,241.95,38.54,106.43,1,-1,-1,-1
136,46,115.02,74.21,26.36,43.81,1,-1,-1,-1
136,44,610.48,119.82,37.09,67.50,1,-1,-1,-1
136,42,592.32,114.56,31.92,64.34,1,-1,-1,-1
136,30,631.04,225.83,40.08,82.73,1,-1,-1,-1
136,16,371.92,177.70,34.55,93.11,1,-1,-1,-1
136,13,689.36,116.16,33.88,83.32,1,-1,-1,-1
137,48,555.66,198.15,32.54,74.38,1,-1,-1,-1
137,47,712.11,234.65,39.74,108.76,1,-1,-1,-1
137,46,114.76,79.33,26.08,44.63,1,-1,-1,-1
137,44,611.02,121.25,36.30,68.42,1,-1,-1,-1
137,42,594.56,110.33,31.00,65.47,1,-1,-1,-1
137,30,640.89,225.47,39.75,82.46,1,-1,-1,-1
137,16,373.95,176.75,33.10,92.12,1,-1,-1,-1
137,13,692.45,116.82,34.50,84.63,1,-1,-1,-1
138,48,544.72,190.68,37.51,77.18,1,-1,-1,-1
138,47,701.30,234.42,41.36,110.70,1,-1,-1,-1
138,46,108.70,75.97,26.54,46.45,1,-1,-1,-1
138,44,623.07,118.04,33.41,65.60,1,-1,-1,-1
138,42,603.10,108.94,34.12,69.77,1,-1,-1,-1
138,30,649.49,224.30,42.85,84.85,1,-1,-1,-1
138,16,375.99,179.25,32.29,91.50,1,-1,-1,-1
138,13,692.27,115.96,34.13,76.55,1,-1,-1,-1
139,48,540.52,194.38,33.40,72.25,1,-1,-1,-1
139,47,690.38,230.70,43.48,110.85,1,-1,-1,-1
139,46,103.60,72.59,26.64,46.79,1,-1,-1,-1
139,44,626.72,117.30,33.77,63.44,1,-1,-1,-1
139,42,607.21,111.19,33.16,67.56,1,-1,-1,-1
139,30,657.17,222.45,42.54,84.35,1,-1,-1,-1
139,16,373.29,180.07,32.49,87.34,1,-1,-1,-1
139,13,698.49,112.58,32.82,75.88,1,-1,-1,-1
140,48,529.45,191.95,33.74,75.51,1,-1,-1,-1
140,47,676.85,227.99,51.65,117.75,1,-1,-1,-1
140,46,100.74,76.58,25.13,44.48,1,-1,-1,-1
140,44,621.09,116.43,36.07,65.34,1,-1,-1,-1
140,16,376.73,182.36,33.15,85.63,1,-1,-1,-1
140,13,699.14,113.09,33.28,73.83,1,-1,-1,-1
141,48,518.75,186.28,34.28,73.71,1,-1,-1,-1
141,46,100.91,74.76,25.05,43.70,1,-1,-1,-1
141,44,622.59,107.80,35.71,65.97,1,-1,-1,-1
141,16,375.85,182.04,33.54,81.88,1,-1,-1,-1
142,48,514.38,188.93,35.62,73.70,1,-1,-1,-1
142,46,97.03,73.89,25.23,43.44,1,-1,-1,-1
142,44,626.07,110.03,33.83,66.34,1,-1,-1,-1
142,16,374.36,183.68,33.85,79.24,1,-1,-1,-1
143,49,417.41,174.70,33.62,88.57,1,-1,-1,-1
143,48,507.03,186.74,35.55,72.03,1,-1,-1,-1
143,46,94.58,76.66,23.55,42.58,1,-1,-1,-1
143,44,623.34,106.93,31.60,63.96,1,-1,-1,-1
143,30,691.89,230.85,41.34,90.91,1,-1,-1,-1
143,16,373.65,181.75,33.18,80.91,1,-1,-1,-1
144,49,419.46,175.11,32.85,88.73,1,-1,-1,-1
144,48,497.19,186.11,35.20,75.66,1,-1,-1,-1
144,47,643.95,231.84,40.85,98.46,1,-1,-1,-1
144,46,90.65,76.89,24.87,43.68,1,-1,-1,-1
144,44,623.27,105.11,33.36,63.57,1,-1,-1,-1
144,30,705.17,230.02,42.95,87.97,1,-1,-1,-1
144,16,376.16,187.03,32.66,82.42,1,-1,-1,-1
144,13,702.68,111.99,34.34,66.06,1,-1,-1,-1
145,48,489.91,184.16,36.40,73.52,1,-1,-1,-1
145,47,637.07,235.66,38.48,96.19,1,-1,-1,-1
145,46,87.84,74.49,25.42,43.41,1,-1,-1,-1
145,44,624.94,103.21,35.95,65.16,1,-1,-1,-1
145,30,715.05,230.23,41.09,86.42,1,-1,-1,-1
145,16,375.22,186.72,33.49,82.27,1,-1,-1,-1
145,13,702.03,108.16,35.04,62.25,1,-1,-1,-1
146,48,481.49,183.17,35.32,72.41,1,-1,-1,-1
146,47,630.41,231.34,40.61,102.19,1,-1,-1,-1
146,46,81.91,77.71,23.67,43.69,1,-1,-1,-1
146,44,629.25,104.25,34.10,66.20,1,-1,-1,-1
146,30,720.26,226.86,40.56,87.51,1,-1,-1,-1
146,16,372.03,185.97,34.27,79.44,1,-1,-1,-1
146,13,703.96,105.78,34.30,60.01,1,-1,-1,-1
147,48,469.18,183.82,34.74,74.21,1,-1,-1,-1
147,47,618.44,226.66,39.75,101.96,1,-1,-1,-1
147,46,79.96,79.74,24.29,45.95,1,-1,-1,-1
147,44,633.43,102.99,32.58,64.88,1,-1,-1,-1
147,30,723.13,226.70,43.04,88.57,1,-1,-1,-1
147,16,372.74,190.06,33.28,81.17,1,-1,-1,-1
147,13,705.13,108.48,33.04,57.61,1,-1,-1,-1
148,48,462.22,181.11,35.02,75.36,1,-1,-1,-1
148,47,613.32,229.64,39.59,96.63,1,-1,-1,-1
148,46,77.23,77.69,23.85,44.57,1,-1,-1,-1
148,44,634.50,102.22,31.82,65.03,1,-1,-1,-1
148,30,732.37,221.53,39.49,88.42,1,-1,-1,-1
148,16,374.77,192.51,32.70,84.10,1,-1,-1,-1
148,13,707.31,106.58,32.27,60.75,1,-1,-1,-1
149,48,455.67,180.88,37.64,77.18,1,-1,-1,-1
149,47,605.23,228.23,37.21,95.30,1,-1,-1,-1
149,46,72.84,77.17,25.87,45.74,1,-1,-1,-1
149,44,635.55,103.88,32.79,66.92,1,-1,-1,-1
149,16,377.86,192.54,33.46,85.11,1,-1,-1,-1
150,53,416.67,188.13,33.30,82.29,1,-1,-1,-1
150,48,442.18,178.30,36.86,80.03,1,-1,-1,-1
150,47,595.59,223.60,38.02,93.80,1,-1,-1,-1
150,46,66.21,82.80,24.78,46.18,1,-1,-1,-1
150,44,632.59,102.35,33.85,67.97,1,-1,-1,-1
150,16,383.32,192.28,34.51,86.50,1,-1,-1,-1
151,53,414.74,190.31,35.95,88.66,1,-1,-1,-1
151,48,434.85,178.23,37.28,82.33,1,-1,-1,-1
151,47,584.96,221.56,41.99,93.69,1,-1,-1,-1
151,46,64.84,79.20,23.49,45.40,1,-1,-1,-1
151,44,636.48,102.48,33.74,68.78,1,-1,-1,-1
151,16,387.05,193.83,37.76,85.91,1,-1,-1,-1
152,53,413.07,192.58,35.36,85.57,1,-1,-1,-1
152,48,432.48,185.85,36.35,80.24,1,-1,-1,-1
152,47,576.70,222.21,39.68,92.76,1,-1,-1,-1
152,46,64.74,82.46,25.35,45.38,1,-1,-1,-1
152,44,631.36,104.41,33.39,66.65,1,-1,-1,-1
152,16,385.67,193.66,40.11,82.53,1,-1,-1,-1
153,48,429.33,186.34,37.39,84.00,1,-1,-1,-1
153,47,568.19,223.68,37.37,89.77,1,-1,-1,-1
153,46,57.49,81.92,26.33,48.10,1,-1,-1,-1
153,44,628.65,103.90,32.66,65.17,1,-1,-1,-1
153,16,390.47,196.34,40.66,82.00,1,-1,-1,-1
154,48,430.20,184.46,37.60,84.80,1,-1,-1,-1
154,47,564.05,221.06,37.80,85.60,1,-1,-1,-1
154,46,53.45,79.34,26.92,48.57,1,-1,-1,-1
154,44,636.20,102.50,32.81,65.08,1,-1,-1,-1
155,47,558.06,222.58,34.40,85.03,1,-1,-1,-1
155,46,50.04,82.04,28.38,48.96,1,-1,-1,-1
155,44,643.30,107.79,33.19,62.41,1,-1,-1,-1
156,55,680.46,106.72,48.80,71.40,1,-1,-1,-1
156,47,545.73,222.03,36.98,87.68,1,-1,-1,-1
156,46,43.84,84.54,28.77,48.60,1,-1,-1,-1
156,44,642.77,104.19,32.83,62.44,1,-1,-1,-1
157,55,673.67,112.40,40.80,64.16,1,-1,-1,-1
157,47,538.90,219.42,37.60,85.38,1,-1,-1,-1
157,46,43.30,85.09,31.13,48.13,1,-1,-1,-1
157,44,642.08,102.80,32.21,62.40,1,-1,-1,-1
157,16,395.91,178.38,45.21,102.80,1,-1,-1,-1
158,57,456.25,196.15,38.93,86.79,1,-1,-1,-1
158,55,670.98,106.64,43.96,67.85,1,-1,-1,-1
158,47,528.55,217.18,36.20,85.83,1,-1,-1,-1
158,46,39.00,85.84,31.71,51.45,1,-1,-1,-1
158,44,647.34,103.90,31.63,60.53,1,-1,-1,-1
158,16,406.45,179.06,42.35,105.14,1,-1,-1,-1
159,57,462.48,203.05,40.12,88.06,1,-1,-1,-1
159,55,669.80,107.43,42.09,68.20,1,-1,-1,-1
159,47,523.06,217.69,34.19,83.73,1,-1,-1,-1
159,46,35.78,86.33,30.67,51.25,1,-1,-1,-1
159,44,646.42,102.87,32.36,56.75,1,-1,-1,-1
159,16,410.77,184.31,39.98,108.28,1,-1,-1,-1
160,57,465.93,201.52,42.80,92.65,1,-1,-1,-1
160,55,660.07,106.18,35.98,63.45,1,-1,-1,-1
160,47,514.90,218.21,36.38,88.47,1,-1,-1,-1
160,46,29.47,86.05,32.19,53.54,1,-1,-1,-1
160,44,647.08,99.12,30.94,56.40,1,-1,-1,-1
160,16,415.63,189.75,37.31,109.05,1,-1,-1,-1
161,59,341.66,173.61,39.72,70.03,1,-1,-1,-1
161,57,475.82,206.17,37.77,86.72,1,-1,-1,-1
161,55,657.10,105.97,33.05,62.66,1,-1,-1,-1
161,47,504.88,219.28,36.35,86.52,1,-1,-1,-1
161,46,28.17,87.88,33.33,56.47,1,-1,-1,-1
161,16,419.28,190.97,37.81,112.27,1,-1,-1,-1
162,59,338.87,175.65,36.94,70.32,1,-1,-1,-1
162,57,484.05,204.63,37.86,88.54,1,-1,-1,-1
162,55,658.38,105.43,33.86,65.42,1,-1,-1,-1
162,46,25.25,88.26,31.72,56.96,1,-1,-1,-1
162,16,421.46,197.30,38.14,107.26,1,-1,-1,-1
163,59,332.59,172.88,37.48,75.59,1,-1,-1,-1
163,55,662.30,101.45,34.21,65.77,1,-1,-1,-1
163,46,22.03,90.70,30.76,55.40,1,-1,-1,-1
163,16,428.26,202.51,38.85,105.57,1,-1,-1,-1
164,59,328.02,166.90,35.64,75.11,1,-1,-1,-1
164,55,664.36,102.32,33.66,67.59,1,-1,-1,-1
164,46,19.98,92.58,28.32,52.61,1,-1,-1,-1
164,16,431.64,204.53,38.45,102.24,1,-1,-1,-1
165,59,325.21,170.86,34.30,70.86,1,-1,-1,-1
165,55,664.17,107.83,33.05,61.91,1,-1,-1,-1
165,47,477.23,206.74,38.02,98.72,1,-1,-1,-1
165,46,19.03,91.70,26.99,53.70,1,-1,-1,-1
165,16,436.96,205.68,40.20,100.61,1,-1,-1,-1
166,59,314.03,173.07,39.86,72.94,1,-1,-1,-1
166,46,17.02,89.38,26.00,54.18,1,-1,-1,-1
166,16,447.66,208.39,38.55,96.85,1,-1,-1,-1
167,59,307.61,170.02,38.58,70.94,1,-1,-1,-1
167,46,18.08,89.17,25.41,53.38,1,-1,-1,-1
167,16,449.02,209.19,38.45,98.10,1,-1,-1,-1
168,62,646.82,111.09,32.75,72.09,1,-1,-1,-1
168,59,292.38,174.52,41.14,69.33,1,-1,-1,-1
168,46,18.28,90.24,24.56,54.95,1,-1,-1,-1
168,16,449.71,207.52,38.68,99.23,1,-1,-1,-1
169,64,671.40,102.23,33.24,61.06,1,-1,-1,-1
169,63,501.78,202.15,45.17,98.16,1,-1,-1,-1
169,59,283.53,174.52,42.85,67.86,1,-1,-1,-1
169,46,12.21,87.53,24.80,54.65,1,-1,-1,-1
169,16,447.81,206.29,39.69,97.99,1,-1,-1,-1
170,64,674.52,102.45,34.97,57.17,1,-1,-1,-1
170,63,507.33,205.39,42.07,90.10,1,-1,-1,-1
170,59,279.05,170.58,41.50,69.00,1,-1,-1,-1
170,46,8.42,87.44,25.07,52.30,1,-1,-1,-1
170,16,438.78,209.98,40.76,95.83,1,-1,-1,-1
171,64,674.24,101.53,35.96,58.24,1,-1,-1,-1
171,63,512.85,198.92,44.70,91.53,1,-1,-1,-1
171,59,269.41,166.63,40.27,71.48,1,-1,-1,-1
171,16,442.82,206.75,41.58,97.01,1,-1,-1,-1
172,64,670.57,99.30,37.87,60.07,1,-1,-1,-1
172,63,522.38,203.18,45.68,91.95,1,-1,-1,-1
172,59,262.43,165.00,41.88,69.05,1,-1,-1,-1
172,16,449.25,207.79,41.24,95.49,1,-1,-1,-1
173,64,672.75,100.40,35.43,58.45,1,-1,-1,-1
173,63,529.10,205.58,41.75,89.33,1,-1,-1,-1
173,59,257.53,168.98,39.22,66.79,1,-1,-1,-1
173,16,449.35,203.21,36.40,93.68,1,-1,-1,-1
174,66,615.33,119.42,32.54,75.16,1,-1,-1,-1
174,64,673.27,101.21,33.54,58.18,1,-1,-1,-1
174,63,536.38,211.91,40.10,86.32,1,-1,-1,-1
174,59,249.85,166.43,38.35,64.43,1,-1,-1,-1
175,67,396.74,182.71,46.17,129.27,1,-1,-1,-1
175,66,615.65,128.65,32.87,74.97,1,-1,-1,-1
175,65,463.86,205.24,40.95,90.00,1,-1,-1,-1
175,64,669.15,99.55,35.81,60.02,1,-1,-1,-1
175,63,543.08,217.33,43.40,89.25,1,-1,-1,-1
175,59,242.00,168.83,37.81,65.80,1,-1,-1,-1
176,67,395.36,201.92,41.52,109.40,1,-1,-1,-1
176,65,462.94,210.76,42.37,91.03,1,-1,-1,-1
176,64,669.75,100.11,37.60,60.09,1,-1,-1,-1
176,63,546.75,217.69,42.70,88.46,1,-1,-1,-1
176,59,232.92,168.97,39.60,65.89,1,-1,-1,-1
177,67,386.87,203.94,38.43,100.62,1,-1,-1,-1
177,65,470.16,211.49,42.76,92.19,1,-1,-1,-1
177,64,673.27,99.09,36.19,57.75,1,-1,-1,-1
177,63,550.11,213.11,40.11,88.35,1,-1,-1,-1
177,59,229.75,163.12,39.71,65.21,1,-1,-1,-1
178,67,379.32,207.21,39.54,93.90,1,-1,-1,-1
178,65,476.37,215.55,41.90,90.63,1,-1,-1,-1
178,64,673.69,97.27,35.82,56.62,1,-1,-1,-1
178,63,558.56,216.75,40.01,85.45,1,-1,-1,-1
178,59,220.91,164.08,37.07,67.19,1,-1,-1,-1
179,68,592.03,127.45,30.55,72.16,1,-1,-1,-1
179,67,369.82,199.70,38.21,87.23,1,-1,-1,-1
179,65,482.01,215.46,38.54,87.95,1,-1,-1,-1
179,64,674.75,97.85,36.45,57.24,1,-1,-1,-1
179,63,563.55,220.22,43.08,87.98,1,-1,-1,-1
179,59,213.45,160.29,39.24,67.75,1,-1,-1,-1
180,68,583.81,122.53,31.35,72.37,1,-1,-1,-1
180,67,364.40,207.77,36.59,80.70,1,-1,-1,-1
180,65,486.95,219.38,38.16,90.25,1,-1,-1,-1
180,64,675.70,97.93,37.61,57.49,1,-1,-1,-1
180,63,570.87,220.19,42.40,89.88,1,-1,-1,-1
180,59,207.51,156.61,38.94,68.35,1,-1,-1,-1
181,68,580.04,126.09,31.66,71.98,1,-1,-1,-1
181,67,356.01,208.83,36.30,79.04,1,-1,-1,-1
181,65,496.77,218.07,36.98,91.35,1,-1,-1,-1
181,64,675.60,94.77,35.21,56.95,1,-1,-1,-1
181,63,585.60,218.02,40.95,88.10,1,-1,-1,-1
181,59,196.59,158.65,38.14,67.76,1,-1,-1,-1
182,68,577.58,126.32,33.72,75.36,1,-1,-1,-1
182,67,349.40,210.43,36.95,78.71,1,-1,-1,-1
182,65,501.70,214.52,37.64,91.67,1,-1,-1,-1
182,64,678.12,96.17,33.65,57.36,1,-1,-1,-1
182,63,592.23,213.54,40.08,88.12,1,-1,-1,-1
182,59,190.35,163.80,38.11,69.67,1,-1,-1,-1
183,68,572.88,130.14,34.95,74.48,1,-1,-1,-1
183,67,341.54,211.82,35.13,76.58,1,-1,-1,-1
183,65,505.35,220.25,38.11,93.20,1,-1,-1,-1
183,64,678.09,94.97,39.33,60.78,1,-1,-1,-1
183,63,598.28,213.21,39.68,88.89,1,-1,-1,-1
183,59,185.21,162.97,37.22,69.90,1,-1,-1,-1
184,68,565.94,131.52,33.38,71.98,1,-1,-1,-1
184,67,330.66,208.40,37.38,78.78,1,-1,-1,-1
184,65,511.84,223.86,43.97,98.53,1,-1,-1,-1
184,64,677.91,92.52,36.19,60.31,1,-1,-1,-1
184,63,605.28,221.05,38.09,86.91,1,-1,-1,-1
184,59,175.73,156.50,35.82,70.94,1,-1,-1,-1
185,68,563.38,134.40,35.86,71.27,1,-1,-1,-1
185,67,324.65,212.26,35.91,76.43,1,-1,-1,-1
185,65,517.56,222.99,43.77,100.90,1,-1,-1,-1
185,64,676.42,97.33,36.76,59.40,1,-1,-1,-1
185,63,613.09,225.21,39.04,88.72,1,-1,-1,-1
185,59,172.28,156.31,36.89,69.47,1,-1,-1,-1
186,68,559.99,134.85,34.62,71.55,1,-1,-1,-1
186,67,316.16,210.35,37.43,77.02,1,-1,-1,-1
186,65,519.99,223.86,42.90,102.62,1,-1,-1,-1
186,64,677.24,98.09,37.67,58.59,1,-1,-1,-1
186,63,619.68,222.98,37.73,89.33,1,-1,-1,-1
186,59,165.46,160.33,39.79,68.45,1,-1,-1,-1
187,68,557.85,131.76,34.65,74.27,1,-1,-1,-1
187,67,304.45,213.23,41.03,79.88,1,-1,-1,-1
187,65,526.80,225.52,42.19,99.76,1,-1,-1,-1
187,64,680.05,97.51,41.30,59.24,1,-1,-1,-1
187,63,631.00,227.62,37.58,88.23,1,-1,-1,-1
187,59,157.68,161.20,38.05,68.46,1,-1,-1,-1
188,68,553.55,131.71,34.20,72.67,1,-1,-1,-1
188,67,297.93,207.61,38.78,78.73,1,-1,-1,-1
188,65,536.45,228.78,41.03,99.74,1,-1,-1,-1
188,64,681.23,91.93,39.03,59.48,1,-1,-1,-1
188,63,635.12,227.04,42.24,93.58,1,-1,-1,-1
188,59,153.58,159.59,36.19,67.49,1,-1,-1,-1
189,68,547.35,129.71,36.59,76.23,1,-1,-1,-1
189,67,288.65,193.97,39.92,82.15,1,-1,-1,-1
189,65,542.74,230.95,41.21,100.93,1,-1,-1,-1
189,64,677.24,92.15,36.48,58.50,1,-1,-1,-1
189,63,641.05,230.89,44.17,93.18,1,-1,-1,-1
189,59,148.00,159.13,34.03,65.40,1,-1,-1,-1
190,68,540.07,131.26,37.47,74.36,1,-1,-1,-1
190,67,282.06,191.06,37.80,83.67,1,-1,-1,-1
190,65,547.19,233.08,44.03,106.22,1,-1,-1,-1
190,64,680.75,87.62,36.73,55.65,1,-1,-1,-1
190,63,647.40,231.24,43.95,92.10,1,-1,-1,-1
190,59,138.88,159.28,33.00,65.73,1,-1,-1,-1
191,68,535.35,133.84,38.10,76.30,1,-1,-1,-1
191,67,277.36,192.49,35.78,85.42,1,-1,-1,-1
191,65,549.67,236.22,45.15,106.98,1,-1,-1,-1
191,64,681.02,88.86,37.54,52.86,1,-1,-1,-1
191,63,651.12,229.83,45.67,97.10,1,-1,-1,-1
191,59,134.98,160.20,32.86,65.78,1,-1,-1,-1
192,68,529.80,133.10,37.35,78.16,1,-1,-1,-1
192,67,272.48,196.32,35.41,83.63,1,-1,-1,-1
192,65,551.66,241.38,46.99,106.14,1,-1,-1,-1
192,64,683.03,90.23,38.02,52.36,1,-1,-1,-1
192,63,654.58,232.24,42.91,95.49,1,-1,-1,-1
192,59,131.28,158.85,32.87,64.79,1,-1,-1,-1
193,68,519.09,138.79,36.27,75.57,1,-1,-1,-1
193,67,259.84,196.83,34.38,77.61,1,-1,-1,-1
193,65,561.39,243.52,43.59,100.79,1,-1,-1,-1
193,64,675.28,85.69,42.04,61.37,1,-1,-1,-1
193,63,658.22,234.13,40.47,94.11,1,-1,-1,-1
193,59,124.77,154.51,34.53,64.78,1,-1,-1,-1
194,68,515.20,138.55,37.08,74.00,1,-1,-1,-1
194,67,255.67,197.49,33.75,79.89,1,-1,-1,-1
194,65,568.21,242.45,41.15,100.93,1,-1,-1,-1
194,64,679.59,89.75,41.50,57.69,1,-1,-1,-1
194,63,663.71,233.49,40.23,99.05,1,-1,-1,-1
194,59,116.38,156.33,36.41,66.00,1,-1,-1,-1
195,68,513.88,142.18,36.71,75.30,1,-1,-1,-1
195,67,254.90,196.66,34.50,79.98,1,-1,-1,-1
195,65,571.90,247.74,42.41,101.92,1,-1,-1,-1
195,64,680.10,91.92,41.08,54.03,1,-1,-1,-1
195,63,667.73,236.04,40.00,98.05,1,-1,-1,-1
195,59,109.98,154.53,34.93,66.02,1,-1,-1,-1
196,68,508.22,140.31,36.62,76.10,1,-1,-1,-1
196,67,245.30,192.69,35.66,79.06,1,-1,-1,-1
196,65,578.97,248.17,42.20,102.96,1,-1,-1,-1
196,64,679.02,96.54,37.45,54.12,1,-1,-1,-1
196,63,676.59,241.46,40.76,98.77,1,-1,-1,-1
196,59,108.42,157.10,33.57,63.98,1,-1,-1,-1
197,68,501.72,139.46,38.44,78.17,1,-1,-1,-1
197,67,238.87,192.33,33.86,79.72,1,-1,-1,-1
197,65,584.50,246.83,42.37,104.50,1,-1,-1,-1
197,64,678.96,98.03,34.53,53.42,1,-1,-1,-1
197,63,688.78,240.90,40.87,98.29,1,-1,-1,-1
197,59,101.73,151.12,32.87,65.17,1,-1,-1,-1
198,68,496.92,143.34,38.28,78.48,1,-1,-1,-1
198,67,234.84,192.48,32.64,81.09,1,-1,-1,-1
198,65,587.68,252.51,41.65,106.97,1,-1,-1,-1
198,64,679.01,98.32,34.53,54.41,1,-1,-1,-1
198,63,690.63,241.68,41.88,100.73,1,-1,-1,-1
198,59,94.07,149.36,31.16,67.00,1,-1,-1,-1
199,68,495.31,144.62,36.82,79.19,1,-1,-1,-1
199,67,225.55,189.59,33.65,80.01,1,-1,-1,-1
199,65,597.00,257.16,42.97,108.15,1,-1,-1,-1
199,64,681.57,98.47,36.94,53.45,1,-1,-1,-1
199,63,695.34,243.66,42.25,102.53,1,-1,-1,-1
199,59,89.64,156.22,31.33,64.93,1,-1,-1,-1
200,68,490.04,141.39,38.04,78.77,1,-1,-1,-1
200,67,219.83,185.89,33.43,79.49,1,-1,-1,-1
200,65,604.67,254.45,39.70,106.01,1,-1,-1,-1
200,64,681.26,101.05,36.39,54.75,1,-1,-1,-1
200,63,700.66,244.92,42.61,105.06,1,-1,-1,-1
200,59,85.10,156.82,31.94,64.98,1,-1,-1,-1
201,68,481.93,143.03,38.37,78.26,1,-1,-1,-1
201,67,216.51,186.95,33.25,75.03,1,-1,-1,-1
201,65,609.14,263.31,39.92,104.72,1,-1,-1,-1
201,64,683.55,101.35,37.43,56.67,1,-1,-1,-1
201,63,703.50,246.15,41.82,106.75,1,-1,-1,-1
201,59,80.09,154.15,31.67,65.11,1,-1,-1,-1
202,68,473.05,147.18,37.10,78.75,1,-1,-1,-1
202,67,210.41,188.97,32.91,73.77,1,-1,-1,-1
202,65,620.62,268.09,42.11,107.93,1,-1,-1,-1
202,64,683.29,101.18,37.82,58.34,1,-1,-1,-1
202,63,707.21,251.60,41.15,104.75,1,-1,-1,-1
202,59,72.43,152.00,31.55,66.75,1,-1,-1,-1
203,68,467.91,148.60,38.45,78.46,1,-1,-1,-1
203,67,203.97,186.96,32.44,72.18,1,-1,-1,-1
203,65,628.00,270.01,43.73,109.66,1,-1,-1,-1
203,64,680.26,98.98,40.47,58.28,1,-1,-1,-1
203,63,712.37,245.61,42.07,110.75,1,-1,-1,-1
203,59,63.86,149.19,31.17,66.63,1,-1,-1,-1
204,68,467.04,142.45,38.01,81.16,1,-1,-1,-1
204,67,197.18,184.68,33.96,70.70,1,-1,-1,-1
204,65,631.65,272.31,43.10,109.69,1,-1,-1,-1
204,64,678.11,96.94,42.60,58.71,1,-1,-1,-1
204,63,716.99,248.79,45.24,118.55,1,-1,-1,-1
204,59,62.01,151.33,29.02,63.52,1,-1,-1,-1
205,68,458.24,146.45,36.87,81.43,1,-1,-1,-1
205,67,188.87,186.03,33.80,72.92,1,-1,-1,-1
205,65,637.22,280.73,48.33,113.71,1,-1,-1,-1
205,64,673.54,100.98,43.65,54.62,1,-1,-1,-1
205,63,719.11,254.70,45.09,119.57,1,-1,-1,-1
205,59,56.08,147.48,29.05,62.89,1,-1,-1,-1
206,68,452.50,150.36,37.85,81.14,1,-1,-1,-1
206,67,183.07,183.73,33.67,71.53,1,-1,-1,-1
206,65,639.42,284.46,49.77,117.90,1,-1,-1,-1
206,64,669.86,102.56,42.41,55.20,1,-1,-1,-1
206,63,723.81,256.73,43.76,119.37,1,-1,-1,-1
206,59,45.69,148.22,30.43,62.74,1,-1,-1,-1
207,68,446.41,149.27,38.59,79.51,1,-1,-1,-1
207,67,180.16,181.78,33.69,69.15,1,-1,-1,-1
207,65,648.27,286.53,47.95,115.85,1,-1,-1,-1
207,64,667.23,104.59,40.41,52.93,1,-1,-1,-1
207,63,728.69,260.22,41.78,119.70,1,-1,-1,-1
207,59,48.12,151.57,30.87,61.39,1,-1,-1,-1
208,68,436.08,144.59,37.69,83.15,1,-1,-1,-1
208,67,169.17,185.95,35.92,71.01,1,-1,-1,-1
208,65,648.63,288.53,46.76,113.50,1,-1,-1,-1
208,64,671.66,111.42,37.89,51.96,1,-1,-1,-1
208,63,730.14,263.35,40.69,116.36,1,-1,-1,-1
208,59,39.16,151.37,32.11,64.19,1,-1,-1,-1
209,68,430.08,143.54,37.90,83.69,1,-1,-1,-1
209,67,161.09,186.62,36.55,72.79,1,-1,-1,-1
209,65,652.48,288.60,45.68,114.66,1,-1,-1,-1
209,64,674.77,114.25,36.27,52.22,1,-1,-1,-1
209,63,736.80,266.43,36.23,114.61,1,-1,-1,-1
209,59,36.29,149.01,31.79,64.06,1,-1,-1,-1
210,68,426.89,142.48,37.62,83.50,1,-1,-1,-1
210,67,159.29,188.53,37.04,76.63,1,-1,-1,-1
210,65,654.91,290.02,45.79,116.38,1,-1,-1,-1
210,64,676.63,114.66,35.21,51.62,1,-1,-1,-1
210,59,30.77,145.42,33.05,67.10,1,-1,-1,-1
211,69,667.12,101.67,32.08,57.88,1,-1,-1,-1
211,67,150.67,179.94,36.76,74.05,1,-1,-1,-1
211,65,656.40,291.01,47.25,119.76,1,-1,-1,-1
211,59,23.36,143.16,32.28,67.53,1,-1,-1,-1
212,69,657.11,100.67,34.64,59.54,1,-1,-1,-1
212,67,146.36,177.17,36.39,71.77,1,-1,-1,-1
212,65,650.37,291.90,47.47,119.44,1,-1,-1,-1
212,59,21.63,143.15,32.46,66.76,1,-1,-1,-1
213,67,139.00,178.42,34.45,68.96,1,-1,-1,-1
213,65,645.77,293.48,48.86,118.88,1,-1,-1,-1
213,59,17.96,147.28,32.52,63.51,1,-1,-1,-1
214,67,132.67,181.48,36.04,70.11,1,-1,-1,-1
214,65,638.21,290.05,49.90,120.89,1,-1,-1,-1
214,59,11.24,147.27,31.54,62.84,1,-1,-1,-1
215,67,128.67,186.11,39.26,71.66,1,-1,-1,-1
215,65,631.82,290.95,50.42,120.68,1,-1,-1,-1
215,59,5.94,142.02,32.96,63.10,1,-1,-1,-1
216,69,665.05,103.48,37.55,56.14,1,-1,-1,-1
216,67,119.47,186.42,36.57,69.87,1,-1,-1,-1
216,65,627.02,296.68,48.03,117.62,1,-1,-1,-1
216,59,4.98,144.46,32.59,61.65,1,-1,-1,-1
217,69,666.13,105.36,38.27,56.94,1,-1,-1,-1
217,67,114.09,187.08,34.25,68.69,1,-1,-1,-1
217,65,625.20,296.88,46.80,117.20,1,-1,-1,-1
217,59,4.69,147.12,31.53,61.14,1,-1,-1,-1
218,70,381.62,147.21,32.90,86.78,1,-1,-1,-1
218,69,666.97,105.34,38.90,58.03,1,-1,-1,-1
218,67,112.09,184.59,32.74,68.84,1,-1,-1,-1
218,65,615.59,299.50,47.16,117.50,1,-1,-1,-1
218,59,1.26,146.78,29.82,59.24,1,-1,-1,-1
219,70,374.33,153.73,33.56,87.79,1,-1,-1,-1
219,69,661.29,105.46,38.15,58.71,1,-1,-1,-1
219,67,103.59,181.00,32.50,68.15,1,-1,-1,-1
219,65,601.93,297.89,47.37,116.79,1,-1,-1,-1
219,59,-1.20,147.38,29.55,58.79,1,-1,-1,-1
220,70,365.56,154.64,37.93,90.93,1,-1,-1,-1
220,69,657.97,107.80,36.70,59.26,1,-1,-1,-1
220,67,98.06,180.29,30.80,65.22,1,-1,-1,-1
220,65,594.46,301.98,44.77,112.82,1,-1,-1,-1
220,59,-3.78,143.36,26.05,59.61,1,-1,-1,-1
221,70,361.72,154.50,37.93,88.23,1,-1,-1,-1
221,69,660.07,105.99,35.49,60.71,1,-1,-1,-1
221,67,94.67,180.50,30.31,67.31,1,-1,-1,-1
221,65,585.69,299.71,45.88,114.99,1,-1,-1,-1
222,70,355.51,154.78,36.95,85.61,1,-1,-1,-1
222,69,660.44,106.55,34.61,62.04,1,-1,-1,-1
222,67,90.53,178.57,29.68,66.10,1,-1,-1,-1
222,65,579.00,293.98,46.46,117.17,1,-1,-1,-1
223,72,719.13,226.34,40.39,97.35,1,-1,-1,-1
223,70,346.38,157.04,36.10,82.34,1,-1,-1,-1
223,69,659.82,109.38,33.45,61.13,1,-1,-1,-1
223,67,77.67,178.28,32.62,65.50,1,-1,-1,-1
223,65,568.07,291.74,45.25,116.48,1,-1,-1,-1
224,72,717.40,226.79,41.04,100.24,1,-1,-1,-1
224,70,339.27,157.49,38.10,82.76,1,-1,-1,-1
224,69,659.98,109.07,32.00,58.71,1,-1,-1,-1
224,67,73.94,181.41,33.69,67.15,1,-1,-1,-1
224,65,557.47,284.84,44.23,111.89,1,-1,-1,-1
225,72,707.78,224.20,40.67,94.32,1,-1,-1,-1
225,70,332.10,155.46,38.62,82.95,1,-1,-1,-1
225,69,661.95,114.18,32.01,56.59,1,-1,-1,-1
225,67,71.95,182.87,33.42,66.81,1,-1,-1,-1
225,65,550.98,284.25,42.14,112.11,1,-1,-1,-1
226,72,696.23,219.28,40.58,93.83,1,-1,-1,-1
226,70,318.83,156.33,37.04,82.01,1,-1,-1,-1
226,69,663.70,114.82,31.37,54.36,1,-1,-1,-1
226,67,60.92,183.96,31.75,63.66,1,-1,-1,-1
226,65,542.68,286.20,41.41,110.30,1,-1,-1,-1
227,72,687.41,215.67,46.97,103.11,1,-1,-1,-1
227,70,312.89,160.54,37.55,81.89,1,-1,-1,-1
227,69,657.88,109.98,32.04,55.41,1,-1,-1,-1
227,67,59.23,183.07,32.16,64.18,1,-1,-1,-1
227,65,532.33,279.70,42.22,113.93,1,-1,-1,-1
228,72,682.96,210.67,46.78,103.78,1,-1,-1,-1
228,70,306.34,162.29,37.69,79.02,1,-1,-1,-1
228,69,659.81,113.39,33.42,52.46,1,-1,-1,-1
228,67,54.71,180.54,33.30,66.04,1,-1,-1,-1
228,65,522.25,275.82,42.61,116.41,1,-1,-1,-1
229,72,679.61,207.39,47.10,105.85,1,-1,-1,-1
229,70,302.73,160.91,40.01,80.70,1,-1,-1,-1
229,69,658.84,114.63,35.27,52.13,1,-1,-1,-1
229,67,51.36,178.11,31.73,64.46,1,-1,-1,-1
229,65,517.02,270.14,43.08,117.92,1,-1,-1,-1
230,72,672.44,207.90,49.01,101.18,1,-1,-1,-1
230,70,292.60,160.10,39.44,82.83,1,-1,-1,-1
230,69,659.49,120.75,35.31,53.19,1,-1,-1,-1
230,67,44.54,177.46,31.50,66.24,1,-1,-1,-1
230,65,511.51,269.24,44.27,120.59,1,-1,-1,-1
231,72,664.37,208.09,46.49,95.06,1,-1,-1,-1
231,70,286.19,161.08,38.89,79.22,1,-1,-1,-1
231,67,39.29,178.77,30.70,65.79,1,-1,-1,-1
231,65,505.13,269.68,44.60,122.04,1,-1,-1,-1
232,73,716.66,281.68,40.20,124.67,1,-1,-1,-1
232,72,661.03,206.85,44.75,93.24,1,-1,-1,-1
232,70,281.77,161.31,40.56,79.64,1,-1,-1,-1
232,67,38.06,179.37,29.57,66.85,1,-1,-1,-1
232,65,501.59,266.22,43.68,124.68,1,-1,-1,-1
233,74,646.10,110.34,35.09,59.68,1,-1,-1,-1
233,73,703.02,273.27,45.61,129.57,1,-1,-1,-1
233,72,650.49,203.03,42.81,92.29,1,-1,-1,-1
233,70,271.40,158.46,43.43,82.05,1,-1,-1,-1
233,67,37.22,182.36,29.52,67.00,1,-1,-1,-1
233,65,495.88,262.69,42.32,120.95,1,-1,-1,-1
234,74,652.49,115.44,32.29,54.92,1,-1,-1,-1
234,73,702.08,271.93,43.38,121.62,1,-1,-1,-1
234,72,645.27,202.83,41.45,88.94,1,-1,-1,-1
234,70,263.88,155.36,42.48,82.42,1,-1,-1,-1
234,67,31.33,178.98,28.70,66.40,1,-1,-1,-1
234,65,486.28,263.15,39.77,122.14,1,-1,-1,-1
235,74,653.18,118.05,33.10,55.00,1,-1,-1,-1
235,73,697.20,274.77,44.27,121.02,1,-1,-1,-1
235,72,643.92,203.20,40.20,85.99,1,-1,-1,-1
235,70,261.06,156.28,39.31,81.43,1,-1,-1,-1
235,67,34.41,178.28,29.35,66.10,1,-1,-1,-1
235,65,478.28,262.24,40.97,125.11,1,-1,-1,-1
236,74,651.27,118.30,35.15,58.06,1,-1,-1,-1
236,73,688.11,268.07,44.89,123.83,1,-1,-1,-1
236,72,635.68,199.42,38.89,86.21,1,-1,-1,-1
236,70,254.26,158.31,38.00,80.87,1,-1,-1,-1
236,67,28.74,177.83,29.36,63.67,1,-1,-1,-1
236,65,468.62,256.42,43.94,126.42,1,-1,-1,-1
237,74,649.43,118.51,36.15,58.55,1,-1,-1,-1
237,73,682.41,265.74,46.13,121.92,1,-1,-1,-1
237,72,630.70,201.61,37.48,81.40,1,-1,-1,-1
237,70,248.26,157.88,38.81,80.35,1,-1,-1,-1
237,67,29.99,175.69,28.54,63.47,1,-1,-1,-1
237,65,459.63,252.63,44.39,125.10,1,-1,-1,-1
238,74,645.60,121.08,33.19,56.73,1,-1,-1,-1
238,73,678.84,268.61,43.80,115.68,1,-1,-1,-1
238,72,621.13,204.54,38.03,78.23,1,-1,-1,-1
238,70,245.12,158.12,36.67,75.49,1,-1,-1,-1
238,67,27.59,174.86,28.56,63.85,1,-1,-1,-1
238,65,453.81,250.27,45.10,122.95,1,-1,-1,-1
239,74,642.09,120.79,31.14,54.61,1,-1,-1,-1
239,73,672.45,265.26,44.05,117.60,1,-1,-1,-1
239,72,619.51,203.81,38.79,77.83,1,-1,-1,-1
239,70,241.31,154.27,35.28,76.00,1,-1,-1,-1
239,67,31.67,177.38,28.42,63.82,1,-1,-1,-1
239,65,449.78,249.37,46.04,123.45,1,-1,-1,-1
240,74,640.63,119.24,33.56,59.53,1,-1,-1,-1
240,73,664.25,265.81,44.57,113.31,1,-1,-1,-1
240,72,613.97,203.91,38.35,73.59,1,-1,-1,-1
240,70,235.63,154.07,34.78,74.62,1,-1,-1,-1
240,67,28.09,176.21,28.09,63.48,1,-1,-1,-1
240,65,445.52,245.54,45.86,123.35,1,-1,-1,-1
241,74,640.67,119.51,33.65,60.87,1,-1,-1,-1
241,73,657.92,265.77,47.35,116.33,1,-1,-1,-1
241,72,609.25,201.75,38.63,74.94,1,-1,-1,-1
241,70,229.27,152.65,39.79,76.67,1,-1,-1,-1
241,67,26.95,175.37,28.10,63.73,1,-1,-1,-1
241,65,444.44,241.77,44.38,121.13,1,-1,-1,-1
242,74,632.50,119.12,34.48,61.24,1,-1,-1,-1
242,73,648.55,263.45,46.40,117.20,1,-1,-1,-1
242,72,598.24,202.54,37.83,73.50,1,-1,-1,-1
242,70,224.45,157.03,40.00,76.92,1,-1,-1,-1
242,67,27.45,178.03,28.03,61.56,1,-1,-1,-1
242,65,433.94,237.67,44.31,118.71,1,-1,-1,-1
243,74,633.59,124.74,32.78,59.59,1,-1,-1,-1
243,73,645.22,263.65,43.95,110.84,1,-1,-1,-1
243,72,591.92,198.71,38.51,74.67,1,-1,-1,-1
243,70,221.20,157.95,37.79,77.15,1,-1,-1,-1
243,67,26.88,178.60,28.26,60.47,1,-1,-1,-1
243,65,428.42,239.62,42.42,118.84,1,-1,-1,-1
244,74,636.46,122.99,35.15,61.29,1,-1,-1,-1
244,73,638.36,264.22,45.23,110.79,1,-1,-1,-1
244,72,588.96,195.12,37.21,74.49,1,-1,-1,-1
244,70,219.38,152.41,36.92,78.86,1,-1,-1,-1
244,67,27.51,178.90,28.49,60.18,1,-1,-1,-1
244,65,422.12,239.35,43.30,116.68,1,-1,-1,-1
245,77,658.88,120.26,28.10,66.28,1,-1,-1,-1
245,74,630.02,122.77,35.43,62.76,1,-1,-1,-1
245,73,634.85,264.88,46.61,112.28,1,-1,-1,-1
245,72,579.82,191.25,35.55,72.77,1,-1,-1,-1
245,70,215.22,151.54,35.96,76.66,1,-1,-1,-1
245,67,27.90,179.34,28.40,59.63,1,-1,-1,-1
245,65,410.92,237.43,47.27,119.34,1,-1,-1,-1
246,77,658.31,123.40,26.72,59.62,1,-1,-1,-1
246,74,625.69,119.56,34.47,63.85,1,-1,-1,-1
246,73,628.23,260.84,46.59,111.09,1,-1,-1,-1
246,72,574.51,196.93,38.34,75.48,1,-1,-1,-1
246,70,210.81,151.98,35.37,75.64,1,-1,-1,-1
246,67,28.08,179.08,28.62,60.86,1,-1,-1,-1
246,65,404.61,233.26,46.12,114.17,1,-1,-1,-1
247,77,658.15,125.61,27.44,59.29,1,-1,-1,-1
247,74,625.67,118.91,33.40,65.46,1,-1,-1,-1
247,73,623.25,252.46,44.28,112.27,1,-1,-1,-1
247,72,571.35,194.14,40.73,75.38,1,-1,-1,-1
247,70,206.81,150.03,34.63,75.76,1,-1,-1,-1
247,67,28.33,179.36,28.82,61.98,1,-1,-1,-1
247,65,397.05,229.06,46.76,119.84,1,-1,-1,-1
248,77,654.77,118.45,31.35,61.84,1,-1,-1,-1
248,74,626.07,119.75,32.42,65.95,1,-1,-1,-1
248,73,618.15,250.13,42.36,109.32,1,-1,-1,-1
248,72,561.43,193.40,38.06,73.62,1,-1,-1,-1
248,70,203.90,153.59,32.81,75.22,1,-1,-1,-1
248,67,28.65,179.56,29.05,62.81,1,-1,-1,-1
248,65,391.73,226.38,43.89,115.43,1,-1,-1,-1
249,77,654.23,122.43,31.32,63.57,1,-1,-1,-1
249,74,634.06,121.04,30.70,63.19,1,-1,-1,-1
249,73,613.32,251.22,41.24,105.80,1,-1,-1,-1
249,72,556.86,191.57,35.61,72.33,1,-1,-1,-1
249,70,201.46,156.18,33.43,73.73,1,-1,-1,-1
249,67,29.01,178.86,29.19,63.09,1,-1,-1,-1
249,65,391.97,227.26,42.65,108.33,1,-1,-1,-1
250,77,650.50,122.77,35.24,65.75,1,-1,-1,-1
250,74,629.51,121.19,30.62,63.97,1,-1,-1,-1
250,73,604.64,250.04,49.65,107.73,1,-1,-1,-1
250,72,555.53,189.83,33.54,70.25,1,-1,-1,-1
250,70,194.17,151.44,34.70,73.82,1,-1,-1,-1
250,67,33.55,177.33,29.66,62.29,1,-1,-1,-1
250,65,387.34,225.25,41.94,108.24,1,-1,-1,-1
251,77,643.86,122.92,38.36,68.18,1,-1,-1,-1
251,73,595.07,248.61,48.42,106.36,1,-1,-1,-1
251,72,546.17,187.24,34.73,69.86,1,-1,-1,-1
251,70,190.02,150.12,36.02,76.05,1,-1,-1,-1
251,67,30.56,179.01,29.56,62.22,1,-1,-1,-1
251,65,377.61,223.10,44.11,107.72,1,-1,-1,-1
252,77,641.10,122.90,36.78,66.93,1,-1,-1,-1
252,73,588.62,249.27,45.41,105.14,1,-1,-1,-1
252,72,536.94,189.87,35.83,70.89,1,-1,-1,-1
252,70,187.93,152.02,34.41,76.16,1,-1,-1,-1
252,67,29.24,179.51,29.40,62.53,1,-1,-1,-1
252,65,369.11,220.93,46.91,105.52,1,-1,-1,-1
253,77,639.72,119.51,38.78,67.80,1,-1,-1,-1
253,73,580.55,249.58,47.10,104.97,1,-1,-1,-1
253,72,530.06,188.65,35.38,69.81,1,-1,-1,-1
253,70,186.20,154.23,33.52,72.98,1,-1,-1,-1
253,67,28.74,179.28,29.36,62.89,1,-1,-1,-1
253,65,361.00,220.03,48.35,107.47,1,-1,-1,-1
254,77,636.66,125.33,37.89,66.25,1,-1,-1,-1
254,73,575.84,249.29,47.55,105.54,1,-1,-1,-1
254,72,523.40,190.31,38.79,70.16,1,-1,-1,-1
254,70,179.94,148.35,34.33,76.91,1,-1,-1,-1
254,67,28.49,179.53,29.15,63.08,1,-1,-1,-1
254,65,352.95,219.86,48.41,100.99,1,-1,-1,-1
255,77,634.38,126.06,37.14,66.35,1,-1,-1,-1
255,73,571.52,249.41,46.09,103.37,1,-1,-1,-1
255,72,516.84,188.89,40.43,72.61,1,-1,-1,-1
255,70,176.78,141.70,33.77,76.33,1,-1,-1,-1
255,67,28.51,179.43,29.10,63.15,1,-1,-1,-1
255,65,350.67,219.89,48.77,102.05,1,-1,-1,-1
